0 0.492463 0.551574 0.0200628 -1
1 0.538619 0.490804 0.0484826 0
2 0.621516 0.263046 0.0484826 1
3 0.708277 0.024673 0.0484826 2
4 0.713615 0.0100073 0.127128 3
5 0.713615 0.0100073 0.167412 4
6 0.448256 0.490804 0.0484826 0
7 0.362162 0.254262 0.0484826 6
8 0.275196 0.0153254 0.0484826 7
9 0.269618 0 0.128503 8
10 0.269618 0 0.169503 9
11 0.493421 0.620502 0.0135147 0
12 0.495341 0.68988 0.0120671 11
13 0.496724 0.759768 0.013702 12
14 0.49489 0.818898 0.0195269 13
15 0.498414 0.878541 0.0153289 14
16 0.499674 0.938491 0.0132155 15
17 0.610581 0.800432 0.00316391 13
18 0.779314 0.800432 0.00316391 17
19 0.897274 0.800432 0.00316391 18
20 0.956253 0.800432 0.00316391 19
21 0.980473 0.800432 0.00316391 20
22 1 0.800432 0.00316391 21
23 0.976078 0.800432 0.0229888 20
24 0.390514 0.806295 0 13
25 0.213014 0.806295 0 24
26 0.096388 0.806295 0 25
27 0.0380751 0.806295 0 26
28 0.0169952 0.806295 0 27
29 0 0.806295 0 28
30 0.0208204 0.806295 0.0172547 27
