0 0.485352 0.846894 0.068493 -1
1 0.488833 1.16633 0.0433389 0
2 0.499296 1.34119 0.0393849 1
3 0.338087 1.17519 0 1
4 0.19261 1.03087 0.0137277 3
5 0.0392852 0.869057 0.0596255 4
6 0 0.831964 0.112273 5
7 0.650046 1.17635 0.0105175 1
8 0.809729 1.0079 0.0166355 7
9 0.960733 0.87232 0.0586265 8
10 1 0.812839 0.0980504 9
11 0.404754 0.587614 0.0669348 0
12 0.38481 0.0295884 0.0288116 11
13 0.383416 0 0.172681 12
14 0.586201 0.565818 0.0633748 0
15 0.609785 0.0139112 0.0424378 14
16 0.611181 0.0102415 0.170606 15
