0 0.491452 0.920719 0.0648356 -1
1 0.491341 1.09009 0.054774 0
2 0.483223 1.23972 0.00090792 1
3 0.373489 1.21957 0.00775278 2
4 0.206411 1.04663 0.00111008 3
5 0.0472823 0.89399 0.0576964 4
6 0.0143489 0.855502 0.108411 5
7 0 0.834638 0.145367 6
8 0.496188 1.34049 0.00953582 2
9 0.500562 1.46486 0.0669369 8
10 0.496894 1.54162 0.0701993 9
11 0.638499 1.21122 0.00379482 2
12 0.799609 1.04239 0 11
13 0.952122 0.888795 0.0667986 12
14 0.983949 0.845329 0.0992674 13
15 1 0.824016 0.134876 14
16 0.418449 0.807134 0.0656034 0
17 0.398004 0.451498 0.050527 16
18 0.394905 0.0526629 0.0119643 17
19 0.38366 0 0.159841 18
20 0.562748 0.821082 0.0706714 0
21 0.594497 0.458428 0.042971 20
22 0.60757 0.0539928 0.0144123 21
23 0.608881 0.00956769 0.153067 22
